Divisor: 120 (A divisor value of 0 means Midsquare hashing was used)
Bucket Size: 1

Input values:
12501  84763  22599  2698  55555  
72501  99999  33975  62501  42501  
90911  42699  80800  18765  78901  
2699  31753  22699  67676  59531  
13956  1234  90123  78888  39531  
49531  56565  89531  67890  22999  
81111  79531  37319  27431  92501  
9531  47893  14763  62699  57391  
54321  35197  71717  89102  49287  
26987  11  99989  64763  19501  
12503  22705  38531  47993  54545  
62000  78911  88531  92345  358  

Values of -1 indicate an empty bucket slot.

Collision handling: Linear Probing
Hash table with bucket size 1:
-1  -1  -1  90123  14763  
-1  -1  -1  -1  -1  
-1  59531  89531  47893  11  
33975  38531  -1  -1  22699  
-1  12501  72501  42501  12503  
22705  -1  -1  -1  99989  
-1  57391  -1  -1  1234  
-1  13956  35197  -1  22599  
99999  80800  -1  84763  -1  
18765  56565  -1  78888  -1  
-1  39531  9531  -1  -1  
-1  -1  -1  2698  2699  
62699  78901  89102  19501  -1  
54545  92345  -1  -1  -1  
-1  90911  27431  31753  78911  
-1  -1  71717  -1  22999  
62000  54321  -1  64763  -1  
-1  -1  49287  -1  -1  
67890  49531  79531  88531  -1  
-1  -1  -1  -1  42699  
-1  62501  92501  -1  -1  
-1  -1  26987  -1  -1  
-1  81111  -1  47993  -1  
55555  67676  -1  358  37319  

Number of collisions using Linear Probing: 30


Collision handling: Quadratic Probing
Hash table with bucket size 1:
-1  -1  -1  90123  14763  
-1  88531  -1  -1  -1  
-1  59531  89531  47893  -1  
33975  -1  -1  -1  22699  
-1  12501  72501  12503  -1  
42501  22705  -1  -1  99989  
-1  57391  -1  -1  1234  
-1  13956  35197  -1  22599  
99999  80800  -1  84763  -1  
18765  56565  -1  78888  -1  
-1  39531  9531  -1  -1  
-1  -1  -1  2698  2699  
62699  78901  89102  -1  -1  
19501  54545  11  -1  92345  
-1  90911  27431  31753  -1  
78911  -1  71717  -1  22999  
62000  54321  -1  64763  -1  
-1  -1  49287  -1  -1  
67890  49531  79531  -1  -1  
38531  -1  -1  -1  42699  
-1  62501  92501  -1  -1  
-1  -1  26987  -1  -1  
-1  81111  -1  47993  -1  
55555  67676  -1  358  37319  

Number of collisions using Quadratic Probing: 39


Collision handling: Chaining
Hash table with bucket size 1:
-1  -1  -1  90123  14763  
-1  -1  -1  -1  -1  
-1  59531  89531  47893  11  
33975  38531  -1  -1  22699  
-1  12501  72501  12503  42501  
22705  -1  -1  -1  99989  
-1  57391  -1  -1  1234  
-1  13956  35197  -1  22599  
80800  99999  -1  84763  -1  
18765  56565  -1  78888  -1  
-1  39531  9531  -1  -1  
-1  -1  -1  2698  2699  
62699  78901  89102  19501  -1  
54545  92345  -1  -1  -1  
-1  90911  27431  31753  78911  
-1  -1  71717  -1  22999  
62000  54321  -1  64763  -1  
-1  -1  49287  -1  -1  
67890  49531  79531  88531  -1  
-1  -1  -1  -1  42699  
-1  62501  92501  -1  -1  
-1  -1  26987  -1  -1  
-1  81111  -1  47993  -1  
55555  67676  -1  358  37319  

Number of collisions using Chaining: 29
